function[A_cpy, Q, R, P] = rqrcp_chol_new_randlapack_like_clean_all_b_sz()

%{
    A = randn(55, 25);
    A = [A, A]

    k = 50;
    d = 51;
    b_sz = 13;
%}

    A = [	   0.02594464979596777104,  -0.07926029812192586510,  -0.02053360317610572472,  -0.13615647885335280254,  -0.08162651944397542048,  -0.03550375654718926355,   0.01138113793677189393,   0.00039860056052425400,  -0.05316527427348683582,  -0.06100787897548890643,  -0.09772183093196926129,   0.00113620440182736482,   0.06814210694954377090,   0.04210651109673246156,  -0.04031504768238076963,   0.05238745943369560454,  -0.06551170006458531536,   0.09553037951800721905,  -0.16777384237672876566,   0.00279473713795164863,   0.05190724283605088751,  -0.08426731734271097896,   0.00127125373353161909,   0.00674059237858974647,   0.03716268050442499138,  -0.03049302417653288605,  -0.03559395215222870695,  -0.04505214238795390153,  -0.08045400511733412363,  -0.02327384945380105152,   0.08934153882584833228,   0.08647267553156401387,  -0.03627272531756282892,   0.14807044825112528064,  -0.09713776254155223611,   0.13606428635060163757,  -0.12680408780737675856,  -0.02749790874939909979,   0.03060393223541325522,  -0.01981181878317449935,   0.02764340328985592787,   0.01243743977965186542,  -0.02273172881549457083,   0.01197935934553438081,  -0.01935483665152765501,   0.02478959460892103672,  -0.07203960170551457209,  -0.04012538843347579487,  -0.08272983350278187431,  -0.10956764760398410297,
	  -0.07352037631309939203,   0.16200439256985452174,   0.01650638197026092768,  -0.02178435357594455182,  -0.17647068616269262487,   0.01384427081965633466,   0.00247551439414745583,   0.02152071658812552274,   0.01257333895475324162,  -0.02556952676866270507,   0.07508601771910698719,   0.12962630661462051784,   0.01194080560075365394,   0.06433818580851748126,  -0.07706761340098938762,  -0.06265836110025232997,   0.03861811636971538425,  -0.02627894458247126419,  -0.00788412074984271363,   0.13236038080385609250,   0.04003165256279856560,  -0.11647967889058315205,  -0.03609283783474230567,  -0.10969970961333380677,  -0.02199807517742961502,  -0.00582058853229355539,   0.01253175851352084438,   0.07447260605206915129,  -0.04999677091979211341,   0.07589993473465091178,   0.11793493501886945229,   0.04293778047999104869,   0.14070775619339115359,  -0.02957621780255922234,   0.06937966695380223814,   0.08229520179892571563,  -0.17278128099872433476,  -0.13109466404181810417,  -0.05783443039276002506,  -0.01739131321017627074,  -0.02636094248671524976,   0.08380289274817534495,  -0.01674063355095165018,   0.05210977052697925160,  -0.06437840892463086995,   0.00421606190219078487,   0.00881406544898218937,  -0.03148384476114873126,   0.18249388410166592078,   0.06706388144423079678,
	  -0.10976165592018238826,   0.10524072628477389169,   0.06566583038553269747,   0.07013161777524726248,  -0.00616416956141544424,   0.00005924051167873010,  -0.01301754207340583697,   0.03693104760389634422,  -0.06632422281273042675,   0.00528604753067547610,   0.09301710861957633580,   0.03217363176469591884,   0.13386910443636487744,   0.04776056346913124667,  -0.08177668274717367347,  -0.07261958439671629961,   0.07823373836826622019,   0.04392825768999140956,  -0.03284137289425475420,  -0.10771086818788881689,   0.05130437208489393996,  -0.14290173785991175381,  -0.10176623209051974261,   0.00890650686510803882,  -0.03511133573171167088,   0.00501909502284644815,  -0.02570330640194466026,  -0.03148498753497246117,   0.09109497342747692461,   0.03772239967918081249,   0.01388958277302560461,   0.04641610118327423734,   0.06520268537420569055,   0.04309388982218173569,   0.07102642464691956425,   0.00120757746590248894,   0.03002805657539054859,  -0.02967238376871138283,   0.02499448172990919800,   0.01754501549413378311,   0.27249178126745049466,   0.10102610075322722427,  -0.02852791290334065130,   0.04494449255616032868,   0.09860525922061087745,  -0.03621322771681477481,   0.04960829942919399438,   0.05433848880024872569,   0.04739740382314745759,  -0.13788640504908009077,
	  -0.08859854436523624532,  -0.00952191128073738222,   0.05640241803703010398,   0.13591635166637991428,  -0.06922715495461001511,   0.05953996671185879386,   0.20459131337114139226,  -0.02738239378644730104,   0.02243325804661141371,  -0.00224926934774413202,  -0.18782531721517684020,   0.00090118493297645236,   0.05940386480768740374,  -0.08715565337732186779,  -0.06589894193480971829,  -0.07028241379022177882,   0.03581155699096952305,   0.02711446472732653018,  -0.00148177858739560742,  -0.04769861797717224461,  -0.01618420021364036857,   0.04574782429306800680,   0.02284620007503804576,  -0.03517045173810701836,   0.09038012571971507092,  -0.05893077797161871967,  -0.15243454706860884440,  -0.01432510000855580570,   0.00316953797928074248,   0.05550371976242590016,  -0.07230298426673152645,  -0.05793120603663183543,  -0.02356563910774935738,   0.09181772306204005751,  -0.16449249369651788855,   0.03069852285960887259,   0.13012836214702719340,   0.07714985424923888335,   0.01247420035520012058,  -0.01125822893229910630,   0.05665755772029724274,   0.05550540613803051776,  -0.01580311332088354601,   0.08301443429765582860,   0.06446253116290427687,  -0.07515197941204418419,   0.12190031990421990038,   0.07467276446243886756,  -0.09226024268271906803,  -0.12080000699413082077,
	  -0.09687951910332108507,   0.07821804702309631541,   0.07620440665804702196,   0.06902784245562770815,   0.06180236530003576506,   0.00219502146394045736,   0.00140281827049431457,  -0.09465200822449545970,   0.03139745430960114853,   0.03314664046757941074,  -0.08171176993629254703,  -0.04646365670683625521,   0.01630911408718804106,  -0.01616392932191671253,   0.08557785880931192968,   0.07691397817161033101,   0.03254019289883001292,   0.04939137510109866541,  -0.05850549196595952739,  -0.13074737081462950439,   0.03639570401713879133,   0.16640726164023755818,   0.08740382604670085542,   0.00338025794418667785,  -0.04565454857545647727,  -0.07982147155116865733,   0.06542711393276892662,   0.01059922831601540702,  -0.00087353281060888015,  -0.02453421385889822948,   0.02285373870224658571,   0.02590643984469286065,   0.08171395380870198621,  -0.06819595097208039358,  -0.12925864921790047868,   0.00947520755546440302,   0.02696368066790641449,   0.05668110100376682475,  -0.01550247008686452682,   0.04110788474040683732,   0.04150713468055899913,   0.05464558311503174559,   0.04945737096437285985,   0.03252048196350126180,  -0.08776228203575765774,   0.01036894092889433135,  -0.02925146681086425796,  -0.08302076060837942917,  -0.02472047080650673079,  -0.01690566646338501067,
	  -0.08467560423559324090,  -0.06452364161251084029,  -0.02179728208823155169,  -0.09589242713076251423,  -0.06434102646302483630,   0.04500467922666693404,   0.06460125534345623199,   0.08122666022701063859,  -0.08040828757797063853,  -0.01771093897620746802,   0.14461082234708788619,  -0.11598664973558174551,  -0.14067688724236776521,   0.06382245892904021833,   0.12610351792771787305,   0.09554442952997228844,  -0.02335338409673763660,  -0.01313129935427315501,  -0.00390927414669616554,  -0.05070728716162623689,   0.12262257650454391755,   0.19740655149107333433,   0.09675136470655965049,  -0.01885679644484363274,   0.03466477424414447783,  -0.06876807109196839130,   0.01053756712034586984,  -0.09394226740791880581,   0.08558006162776674031,   0.04952759878573743252,  -0.02030429800947673030,   0.02238048954082675485,   0.20709139414028690518,   0.00125821792534700286,  -0.05313614141579847683,  -0.05082684526254194202,  -0.04931051113747931397,   0.02710321272940830958,   0.04075515934494670922,   0.04553803037384616254,  -0.02552092122013432246,   0.01290241126085228326,  -0.10319038879108599627,   0.02126884286884980074,   0.06924547445890399944,  -0.06924619653554467402,  -0.03215591196142179864,   0.02957543506663315100,  -0.00332662193111854347,  -0.02370605141625987955,
